# Cameras (0)
# PhotoID, X, Y, Z, Omega, Phi, Kappa, r11, r12, r13, r21, r22, r23, r31, r32, r33
DJI_20250424164644_0002_D	384175.4469258839	3997856.573318927	1564.898073071519	-9.520749764598065	-31.01487002298682	-108.50416557457088	-0.2719998413969682	-0.9622871262296758	-0.004424135243851832	0.812725466509106	-0.23218163306398001	0.5343865692130549	-0.5152605189295799	0.14175745469066206	0.845228620949412
DJI_20250424164646_0003_D	384206.27886397234	3997849.4544114876	1564.938365995446	-9.498205482746101	-31.198683603085495	-108.08754552314949	-0.2655684720005379	-0.9640903969893803	-0.0017587245829229557	0.813106244552286	-0.22495777106881182	0.5368912704690122	-0.518007356848701	0.14115136438806083	0.8436496136323487
DJI_20250424164648_0004_D	384206.3883367037	3997849.3890577224	1564.9037595872983	-9.461196587616826	-31.193327584771044	-108.1342340981017	-0.26624602946534526	-0.9639010549701348	-0.0027942837006199217	0.8129355856723331	-0.2261025398672189	0.5366687758880457	-0.5179273938898379	0.14061435806152126	0.8437883721440033
DJI_20250424164650_0005_D	384173.65170187835	3997857.0875915927	1564.8652094188324	-8.952000814342199	-31.158164283998584	-107.47676696446686	-0.2569957080780164	-0.9663992502067876	-0.005069046186183505	0.8162401953453219	-0.2198659685844447	0.5342386165011423	-0.5174023091677401	0.13315947228110606	0.8453185230489791
DJI_20250424164652_0006_D	384203.7152588039	3997849.8806253383	1564.9759787036949	-9.483685014537599	-31.136700231035316	-108.29312991282981	-0.26866001915514076	-0.9632281790472473	-0.0036426908849409062	0.8126797116313367	-0.22869645675097397	0.535956730503832	-0.5170816960697475	0.14102980450555025	0.8442375932347241
DJI_20250424164654_0007_D	384174.5005626463	3997856.9762600693	1564.8713842523068	-9.342789339753722	-31.225921512330288	-107.92938052699658	-0.2632470448851926	-0.9647237384545607	-0.0030169225163159483	0.8136018582210631	-0.22368826492958435	0.5366708268874181	-0.5184139365974322	0.13882243548882198	0.8437863009948108
DJI_20250424164656_0008_D	384204.01865227765	3997850.1293795165	1564.9226877783321	-9.340285727257822	-31.238823388208665	-107.78745705165187	-0.26119525345573197	-0.965284332932196	-0.0017877829402878846	0.8141402561247545	-0.22129162440973077	0.5368478930974971	-0.5186064817656206	0.13876661544387503	0.8436771559719611
DJI_20250424164658_0009_D	384173.688609458	3997857.109095174	1564.8486080909008	-9.413149982938648	-31.19165418084389	-108.25002526578932	-0.26789311340792327	-0.9634372767947018	-0.004679045951745219	0.8124102250236335	-0.2285038901320965	0.5364472000780207	-0.5179024097893915	0.13990920583331087	0.8439209133902498
DJI_20250424164700_0010_D	384178.44578929356	3997855.869716365	1564.8756186746577	-9.336704199910855	-31.09807222193675	-108.22925516501115	-0.26786284806188193	-0.9634422627055221	-0.0053386385006610575	0.8133096439533185	-0.22908557221867573	0.5348338280753827	-0.5165045185481956	0.1389201462499428	0.8449403974749883
DJI_20250424164702_0011_D	384183.70751484064	3997854.585400188	1564.8579279721164	-9.306000848770907	-31.08812155863685	-108.07810542633145	-0.2657441901388365	-0.9640335452211776	-0.004398760705204212	0.8140987133063813	-0.22685259873808045	0.5345850572534495	-0.5163557982635116	0.13848184766989205	0.8451032288812914
DJI_20250424164704_0012_D	384197.8114065869	3997851.2653189227	1564.9480014482783	-9.270014838382906	-31.195744719212982	-108.02512043831312	-0.2646906377719687	-0.9643204117024482	-0.005000984891922498	0.8134203700625543	-0.22605044979241357	0.5359556844702225	-0.5179634811868166	0.1377945489584704	0.8442313038700745
DJI_20250424164706_0013_D	384204.0757962093	3997850.0751857604	1564.938517458951	-9.743819477956635	-31.05075918653317	-108.58759378309163	-0.2730800279056513	-0.9619899456407542	-0.0016256829787503382	0.8120224721295295	-0.23141420452826933	0.5357863106679713	-0.5157972500078847	0.1449924495573718	0.8443520512533008
DJI_20250424164708_0014_D	384179.144796603	3997856.001147257	1564.9515552432201	-9.130984275649638	-31.191717493716016	-107.5034755423663	-0.2572849977291806	-0.9663324665251538	-0.002448281623546338	0.8158311986897048	-0.21857065737502862	0.5353936149966373	-0.5179033550654167	0.13575136048695985	0.8445991255843949
DJI_20250424164710_0015_D	384185.5304678011	3997854.4623190877	1564.8791274451532	-9.507461447369991	-31.269715728561042	-107.96816802775686	-0.26367545217382937	-0.9646111159462737	-0.000806792297231443	0.8130462985445672	-0.2226952810509235	0.537924277404012	-0.5190674063586588	0.14118146758882505	0.8429927762831426
DJI_20250424164712_0016_D	384193.73543507594	3997852.4647386293	1564.9501881318217	-9.711107192952056	-31.17615545435131	-108.46829282128957	-0.2710303978758198	-0.9625693837838596	-0.0016446365055600696	0.8115166469967339	-0.22941673223596248	0.5374092431446924	-0.5176709911463586	0.14431959108912865	0.8433199870472735
DJI_20250424164714_0017_D	384175.02196654625	3997856.6459322926	1564.855792083149	-9.294894041187405	-31.087123355641957	-108.03142458083127	-0.26508361228612	-0.9642165175625079	-0.004145570765544721	0.8143235080063431	-0.22617300953815406	0.5345306296786905	-0.516340878495578	0.13831947446431458	0.8451389354291581
DJI_20250424164716_0018_D	384199.29507422325	3997851.1710166465	1564.9347755605638	-9.519438097013449	-31.22205169643257	-108.01204402602573	-0.2644314211502284	-0.9644041596448535	-0.0008002300758975077	0.8132545082141154	-0.22343330785085394	0.5373031377278964	-0.5183561790679144	0.1414290415810324	0.8433888176989204
DJI_20250424164718_0019_D	384190.4357843116	3997853.0591711416	1564.880128743143	-9.387353065014764	-31.09474061463661	-108.27909502587583	-0.26857963944245444	-0.9632448305831972	-0.0049369658403622	0.8131048471021983	-0.22945839331419243	0.534985376768917	-0.51645472685984	0.1396719087448049	0.8448468932367041
DJI_20250424164720_0020_D	384179.0507026889	3997855.981847104	1564.9142920246534	-9.573647654910758	-31.22205049629393	-108.33233383963959	-0.26897345287291285	-0.9631432473862095	-0.0028925186204990573	0.8117636182054158	-0.22831246700173524	0.5375065074672432	-0.5183561611553149	0.14222693987402166	0.843254639931733
DJI_20250424164722_0021_D	384193.8090896653	3997852.513225861	1564.9430067925869	-9.261286665717108	-31.250526273584374	-107.58986960018716	-0.2583540844257828	-0.9660493897202004	-0.0013204854197742585	0.8149351669066243	-0.21867469131342684	0.5367141260651243	-0.518781110680977	0.1375861766319778	0.843763120313045
